lip M mult
4.5
0.0010
5.0
lip d mult
1.0
0.05
1000.0
wall damp
0.02
0.0
0.1
length 
0.17
0.15
0.68
A(0) 
0.8276057040778558
0.01
10.0
A(1) 
0.5501047776612188
0.01
10.0
A(2) 
0.43828822789921934
0.01
10.0
A(3) 
0.3550379499742282
0.01
10.0
A(4) 
0.7835320275293292
0.01
10.0
A(5) 
1.113268422447925
0.01
10.0
A(6) 
0.7541495764969814
0.01
10.0
A(7) 
0.48970751720583194
0.01
10.0
A(8) 
0.3232069613558489
0.01
10.0
A(9) 
0.22404118912166804
0.01
10.0
A(10) 
0.20690142601946396
0.01
10.0
A(11) 
0.20690142601946396
0.01
10.0
A(12) 
0.2583207153260761
0.01
10.0
A(13) 
0.35014087480216965
0.01
10.0
A(14) 
0.4333911527271611
0.01
10.0
A(15) 
0.5190899682381819
0.01
10.0
A(16) 
0.630090338804837
0.01
10.0
A(17) 
0.793326177873448
0.01
10.0
A(18) 
0.8276057040778558
0.01
10.0
A(19) 
0.648046281102385
0.01
10.0
A(20) 
0.7312965590273746
0.01
10.0
A(21) 
1.096944838541063
0.01
10.0
A(22) 
1.3303720884091763
0.01
10.0
A(23) 
1.6160348067792447
0.01
10.0
A(24) 
2.032286196404202
0.01
10.0
A(25) 
2.4485375860291594
0.01
10.0
A(26) 
2.546479089470325
0.01
10.0
A(27) 
2.546479089470325
0.01
10.0
A(28) 
2.546479089470325
0.01
10.0
A(29) 
2.546479089470325
0.01
10.0
A(30) 
2.546479089470325
0.01
10.0
A(31) 
2.546479089470325
0.01
10.0
A(32) 
2.546479089470325
0.01
10.0
A(33) 
2.546479089470325
0.01
10.0
A(34) 
2.2404118912166804
0.01
10.0
A(35) 
1.8241605015917237
0.01
10.0
A(36) 
1.5915494309189537
0.01
10.0
A(37) 
1.5915494309189537
0.01
10.0
A(38) 
1.5915494309189537
0.01
10.0
A(39) 
1.5915494309189537
0.01
10.0
