u_xx mult 
1.000000
0.000000
100.000000
u mult
1.000000
0.000000
100.000000
lipCf 
1.000000
0.050000
30.000000
wal coeff 
1.000000
0.000000
10.000000
length
0.153300
0.150000
0.680000
A(0)
1.770000
0.000000
20.000000
A(1)
1.695743
0.000000
20.000000
A(2)
1.758035
0.000000
20.000000
A(3)
1.971130
0.000000
20.000000
A(4)
2.805465
0.000000
20.000000
A(5)
3.056837
0.000000
20.000000
A(6)
3.295808
0.000000
20.000000
A(7)
4.208596
0.000000
20.000000
A(8)
5.355750
0.000000
20.000000
A(9)
6.298788
0.000000
20.000000
A(10)
6.981051
0.000000
20.000000
A(11)
7.450875
0.000000
20.000000
A(12)
7.710077
0.000000
20.000000
A(13)
7.691000
0.000000
20.000000
A(14)
7.387551
0.000000
20.000000
A(15)
6.919942
0.000000
20.000000
A(16)
6.437436
0.000000
20.000000
A(17)
6.104693
0.000000
20.000000
A(18)
5.995753
0.000000
20.000000
A(19)
5.994542
0.000000
20.000000
A(20)
5.915824
0.000000
20.000000
A(21)
5.189121
0.000000
20.000000
A(22)
3.784696
0.000000
20.000000
A(23)
2.436049
0.000000
20.000000
A(24)
1.479404
0.000000
20.000000
A(25)
0.907678
0.000000
20.000000
A(26)
0.633000
0.000000
20.000000
A(27)
0.560989
0.000000
20.000000
A(28)
0.652799
0.000000
20.000000
A(29)
0.688425
0.000000
20.000000
A(30)
0.691593
0.000000
20.000000
A(31)
0.751744
0.000000
20.000000
A(32)
0.840037
0.000000
20.000000
A(33)
0.939209
0.000000
20.000000
A(34)
1.055381
0.000000
20.000000
A(35)
1.202423
0.000000
20.000000
A(36)
1.418949
0.000000
20.000000
A(37)
2.120000
0.000000
20.000000
A(38)
3.097436
0.000000
20.000000
A(39)
3.310000
0.000000
20.000000
