u_xx mult 
1.000000
0.000000
100.000000
u mult 
1.000000
0.000000
1000.000000
wal coeff 
0.100000
0.000000
1.000000
length
0.192500
0.150000
0.680000
A(0)
1.642800
0.000000
20.000000
A(1)
1.380154
0.000000
20.000000
A(2)
1.196546
0.000000
20.000000
A(3)
1.281669
0.000000
20.000000
A(4)
1.590741
0.000000
20.000000
A(5)
2.168551
0.000000
20.000000
A(6)
2.832515
0.000000
20.000000
A(7)
3.536685
0.000000
20.000000
A(8)
4.114033
0.000000
20.000000
A(9)
4.625892
0.000000
20.000000
A(10)
4.803303
0.000000
20.000000
A(11)
4.769738
0.000000
20.000000
A(12)
4.366969
0.000000
20.000000
A(13)
3.871233
0.000000
20.000000
A(14)
3.311136
0.000000
20.000000
A(15)
2.781454
0.000000
20.000000
A(16)
2.258456
0.000000
20.000000
A(17)
1.733897
0.000000
20.000000
A(18)
1.261662
0.000000
20.000000
A(19)
0.928954
0.000000
20.000000
A(20)
0.691805
0.000000
20.000000
A(21)
0.550215
0.000000
20.000000
A(22)
0.484277
0.000000
20.000000
A(23)
0.446708
0.000000
20.000000
A(24)
0.479354
0.000000
20.000000
A(25)
0.531395
0.000000
20.000000
A(26)
0.655667
0.000000
20.000000
A(27)
0.858608
0.000000
20.000000
A(28)
1.175182
0.000000
20.000000
A(29)
1.905869
0.000000
20.000000
A(30)
2.873192
0.000000
20.000000
A(31)
4.457285
0.000000
20.000000
A(32)
5.913879
0.000000
20.000000
A(33)
5.121654
0.000000
20.000000
A(34)
3.970795
0.000000
20.000000
A(35)
2.051436
0.000000
20.000000
A(36)
0.926754
0.000000
20.000000
A(37)
0.464303
0.000000
20.000000
A(38)
0.353926
0.000000
20.000000
A(39)
0.347100
0.000000
20.000000
