om2 
3000.000000
1000.000000
10000.000000
u_xx mult
1.000000
0.000000
10.000000
u mult
0.100000
0.000000
1000.000000
length
0.169700
0.150000
0.680000
A(0)
0.690000
0.010000
10.000000
A(1)
0.614977
0.010000
10.000000
A(2)
0.553298
0.010000
10.000000
A(3)
0.509772
0.010000
10.000000
A(4)
0.712432
0.010000
10.000000
A(5)
1.897004
0.010000
10.000000
A(6)
5.227813
0.010000
10.000000
A(7)
5.536239
0.010000
10.000000
A(8)
4.598869
0.010000
10.000000
A(9)
3.956908
0.010000
10.000000
A(10)
3.482051
0.010000
10.000000
A(11)
2.751196
0.010000
10.000000
A(12)
1.925792
0.010000
10.000000
A(13)
1.250588
0.010000
10.000000
A(14)
0.837863
0.010000
10.000000
A(15)
0.671991
0.010000
10.000000
A(16)
0.677657
0.010000
10.000000
A(17)
0.858853
0.010000
10.000000
A(18)
1.293238
0.010000
10.000000
A(19)
1.187968
0.010000
10.000000
A(20)
1.189770
0.010000
10.000000
A(21)
1.502765
0.010000
10.000000
A(22)
1.877000
0.010000
10.000000
A(23)
1.974381
0.010000
10.000000
A(24)
1.942248
0.010000
10.000000
A(25)
1.613822
0.010000
10.000000
A(26)
1.556386
0.010000
10.000000
A(27)
1.839615
0.010000
10.000000
A(28)
2.500753
0.010000
10.000000
A(29)
3.144553
0.010000
10.000000
A(30)
3.704778
0.010000
10.000000
A(31)
4.135923
0.010000
10.000000
A(32)
4.035461
0.010000
10.000000
A(33)
3.904713
0.010000
10.000000
A(34)
4.068677
0.010000
10.000000
A(35)
4.179983
0.010000
10.000000
A(36)
3.464377
0.010000
10.000000
A(37)
2.391583
0.010000
10.000000
A(38)
2.618425
0.010000
10.000000
A(39)
2.950000
0.010000
10.000000
