lip M mult
4.5
0.0010
5.0
lip d mult
1.0
0.05
1000000.0
wall damp
0.04041000083088875
0.0
0.1
length 
0.17
0.15
0.68
A(0) 
0.8276057040778558
0.01
10.0
A(1) 
0.4051216733248269
0.01
10.0
A(2) 
0.4745711030376514
0.01
10.0
A(3) 
0.20690142601946396
0.01
10.0
A(4) 
0.4485275668953414
0.01
10.0
A(5) 
0.8276057040778558
0.01
10.0
A(6) 
1.1574904952137846
0.01
10.0
A(7) 
2.3728555151882578
0.01
10.0
A(8) 
2.546479089470325
0.01
10.0
A(9) 
2.546479089470325
0.01
10.0
A(10) 
1.6349553244894703
0.01
10.0
A(11) 
1.5915494309189537
0.01
10.0
