glottal reflection 
0.5
0.0
0.99
damping 
0.95
0.0
0.999999
pitch 
1.0
0.01
10.0
R(0) 
2.1
0.0010
20.0
R(1) 
1.1
0.0010
20.0
R(2) 
2.3
0.0010
20.0
R(3) 
2.88
0.0010
20.0
R(4) 
4.3
0.0010
20.0
R(5) 
5.0
0.0010
20.0
R(6) 
1.7
0.0010
20.0
R(7) 
2.1
0.0010
20.0
R(8) 
3
0.0010
20.0
R(9) 
5
0.0010
20.0
R(10) 
6.5
0.0010
20.0
R(11) 
8
0.0010
20.0
R(12) 
9.2
0.0010
20.0
R(13) 
9.5
0.0010
20.0
R(14) 
9
0.0010
20.0
R(15) 
8.8
0.0010
20.0
R(16) 
8
0.0010
20.0
R(17) 
20
0.001
20.0
R(18) 
20.0
0.0010
20.0
