2: 
0.5
0.0
1.0
2: 
0.5
0.0
1.0
3: 
0.5
0.0
1.0
3: 
0.5
0.0
1.0
3: 
0.5
0.0
1.0
3: 
0.5
0.0
1.0
4: 
0.5
0.0
1.0
4: 
0.5
0.0
1.0
4: 
0.5
0.0
1.0
5: 
0.5
0.0
1.0
5: 
0.5
0.0
1.0
6: 
0.5
0.0
1.0
6: 
0.5
0.0
1.0
7: 
0.5
0.0
1.0
7: 
0.5
0.0
1.0
8: 
0.5
0.0
1.0
8: 
0.5
0.0
1.0
9: 
0.5
0.0
1.0
10: 
0.5
0.0
1.0
11: 
0.5
0.0
1.0
11: 
0.5
0.0
1.0
12: 
0.5
0.0
1.0
13: 
0.5
0.0
1.0
14: 
0.5
0.0
1.0
15: 
0.5
0.0
1.0
17: 
0.5
0.0
1.0
18: 
0.5
0.0
1.0
19: 
0.5
0.0
1.0
21: 
0.5
0.0
1.0
22: 
0.5
0.0
1.0
24: 
0.5
0.0
1.0
26: 
0.5
0.0
1.0
28: 
0.5
0.0
1.0
30: 
0.5
0.0
1.0
33: 
0.5
0.0
1.0
35: 
0.5
0.0
1.0
38: 
0.5
0.0
1.0
41: 
0.5
0.0
1.0
44: 
0.5
0.0
1.0
47: 
0.5
0.0
1.0
51: 
0.5
0.0
1.0
55: 
0.5
0.0
1.0
59: 
0.5
0.0
1.0
64: 
0.5
0.0
1.0
69: 
0.5
0.0
1.0
74: 
0.5
0.0
1.0
80: 
0.5
0.0
1.0
86: 
0.5
0.0
1.0
92: 
0.5
0.0
1.0
100: 
0.5
0.0
1.0
