2: 
0.4611000120639801
0.0
1.0
2: 
0.5232999920845032
0.0
1.0
3: 
0.5336999893188477
0.0
1.0
3: 
0.5751000046730042
0.0
1.0
3: 
0.45080000162124634
0.0
1.0
3: 
0.42489999532699585
0.0
1.0
4: 
0.5440000295639038
0.0
1.0
4: 
0.5648000240325928
0.0
1.0
4: 
0.4560000002384186
0.0
1.0
5: 
0.5232999920845032
0.0
1.0
5: 
0.5595999956130981
0.0
1.0
6: 
0.5336999893188477
0.0
1.0
6: 
0.44040000438690186
0.0
1.0
7: 
0.5698999762535095
0.0
1.0
7: 
0.4352000057697296
0.0
1.0
8: 
0.5232999920845032
0.0
1.0
8: 
0.42489999532699585
0.0
1.0
9: 
0.5491999983787537
0.0
1.0
10: 
0.5648000240325928
0.0
1.0
11: 
0.4352000057697296
0.0
1.0
11: 
0.5440000295639038
0.0
1.0
12: 
0.4611999988555908
0.0
1.0
13: 
0.5
0.0
1.0
14: 
0.5544000267982483
0.0
1.0
15: 
0.4715000092983246
0.0
1.0
17: 
0.46630001068115234
0.0
1.0
18: 
0.4560000002384186
0.0
1.0
19: 
0.5285000205039978
0.0
1.0
21: 
0.4560000002384186
0.0
1.0
22: 
0.5232999920845032
0.0
1.0
24: 
0.4611000120639801
0.0
1.0
26: 
0.5698999762535095
0.0
1.0
28: 
0.4300999939441681
0.0
1.0
30: 
0.5906999707221985
0.0
1.0
33: 
0.4611000120639801
0.0
1.0
35: 
0.45080000162124634
0.0
1.0
38: 
0.4767000079154968
0.0
1.0
41: 
0.4767000079154968
0.0
1.0
44: 
0.4041000008583069
0.0
1.0
47: 
0.5285000205039978
0.0
1.0
51: 
0.4352000057697296
0.0
1.0
55: 
0.4767000079154968
0.0
1.0
59: 
0.48190000653266907
0.0
1.0
64: 
0.5285000205039978
0.0
1.0
69: 
0.45080000162124634
0.0
1.0
74: 
0.5285000205039978
0.0
1.0
80: 
0.5440000295639038
0.0
1.0
86: 
0.4300999939441681
0.0
1.0
92: 
0.5440000295639038
0.0
1.0
100: 
0.4196999967098236
0.0
1.0
