2: 
0.4300999939441681
0.0
1.0
2: 
0.47924735965178783
0.0
1.0
3: 
0.3937999904155731
0.0
1.0
3: 
0.2694000005722046
0.0
1.0
3: 
0.2176000028848648
0.0
1.0
3: 
0.19169999659061432
0.0
1.0
4: 
0.30570000410079956
0.0
1.0
4: 
0.2953000068664551
0.0
1.0
4: 
0.27459999918937683
0.0
1.0
5: 
0.32120001316070557
0.0
1.0
5: 
0.4300999939441681
0.0
1.0
6: 
0.5130000114440918
0.0
1.0
6: 
0.5544000267982483
0.0
1.0
7: 
0.5595999956130981
0.0
1.0
7: 
0.5130000114440918
0.0
1.0
8: 
0.39899998903274536
0.0
1.0
8: 
0.2538999915122986
0.0
1.0
9: 
0.20730000734329224
0.0
1.0
10: 
0.19689999520778656
0.0
1.0
11: 
0.1762000024318695
0.0
1.0
11: 
0.18649999797344208
0.0
1.0
12: 
0.2797999978065491
0.0
1.0
13: 
0.4300999939441681
0.0
1.0
14: 
0.5906999707221985
0.0
1.0
15: 
0.7149999737739563
0.0
1.0
17: 
0.7771999835968018
0.0
1.0
18: 
0.8030999898910522
0.0
1.0
19: 
0.8134999871253967
0.0
1.0
21: 
0.7512999773025513
0.0
1.0
22: 
0.6891000270843506
0.0
1.0
24: 
0.7461000084877014
0.0
1.0
26: 
0.8238000273704529
0.0
1.0
28: 
0.7305999994277954
0.0
1.0
30: 
0.6218000054359436
0.0
1.0
33: 
0.5285000205039978
0.0
1.0
35: 
0.367900013923645
0.0
1.0
38: 
0.2849999964237213
0.0
1.0
41: 
0.19169999659061432
0.0
1.0
44: 
0.16060000658035278
0.0
1.0
47: 
0.18649999797344208
0.0
1.0
51: 
0.21240000426769257
0.0
1.0
55: 
0.23829999566078186
0.0
1.0
59: 
0.2953000068664551
0.0
1.0
64: 
0.2176000028848648
0.0
1.0
69: 
0.16060000658035278
0.0
1.0
74: 
0.10360000282526016
0.0
1.0
80: 
0.07769999653100967
0.0
1.0
86: 
0.05180000141263008
0.0
1.0
92: 
0.05180000141263008
0.0
1.0
100: 
0.031099999323487282
0.0
1.0
