2: 
0.8
0.0
0.9999
2: 
0.8
0.0
0.9999
3: 
0.8
0.0
0.9999
3: 
0.8
0.0
0.9999
3: 
0.8
0.0
0.9999
3: 
0.8
0.0
0.9999
4: 
0.8
0.0
0.9999
4: 
0.8
0.0
0.9999
4: 
0.8
0.0
0.9999
5: 
0.8
0.0
0.9999
5: 
0.8
0.0
0.9999
6: 
0.8
0.0
0.9999
6: 
0.8
0.0
0.9999
7: 
0.8
0.0
0.9999
7: 
0.8
0.0
0.9999
8: 
0.8
0.0
0.9999
8: 
0.8
0.0
0.9999
9: 
0.8
0.0
0.9999
10: 
0.8
0.0
0.9999
11: 
0.8
0.0
0.9999
11: 
0.8
0.0
0.9999
12: 
0.8
0.0
0.9999
13: 
0.8
0.0
0.9999
14: 
0.8
0.0
0.9999
15: 
0.8
0.0
0.9999
17: 
0.8
0.0
0.9999
18: 
0.8
0.0
0.9999
19: 
0.8
0.0
0.9999
21: 
0.8
0.0
0.9999
22: 
0.8
0.0
0.9999
24: 
0.8
0.0
0.9999
26: 
0.8
0.0
0.9999
28: 
0.8
0.0
0.9999
30: 
0.8
0.0
0.9999
33: 
0.8
0.0
0.9999
35: 
0.8
0.0
0.9999
38: 
0.8
0.0
0.9999
41: 
0.8
0.0
0.9999
44: 
0.8
0.0
0.9999
47: 
0.8
0.0
0.9999
51: 
0.8
0.0
0.9999
55: 
0.8
0.0
0.9999
59: 
0.8
0.0
0.9999
64: 
0.8
0.0
0.9999
69: 
0.8
0.0
0.9999
74: 
0.8
0.0
0.9999
80: 
0.8
0.0
0.9999
86: 
0.8
0.0
0.9999
92: 
0.8
0.0
0.9999
100: 
0.8
0.0
0.9999
