HailDensity 
0.0010000000474974513
0.0
0.10000000149011612
MassDistributionExponent 
10.0
0.0
1000.0
#modes 
10000.0
1.0
10000.0
dB level 
60.0
10.0
140.0
maskThreshold 
20.670000076293945
0.0
100.0
gain0 
1.0
9.999999747378752E-6
1.0
gain1 
1.0
9.999999747378752E-6
1.0
gain2 
1.0
9.999999747378752E-6
1.0
gain3 
1.0
9.999999747378752E-6
1.0
gain4 
1.0
9.999999747378752E-6
1.0
gain5 
1.0
9.999999747378752E-6
1.0
gain6 
1.0
9.999999747378752E-6
1.0
gain7 
1.0
9.999999747378752E-6
1.0
gain8 
1.0
9.999999747378752E-6
1.0
