HailDensity 
3.3000000985339284E-4
0.0
0.10000000149011612
MassDistributionExponent 
2.0
0.0
1000.0
#modes 
10000.0
1.0
10000.0
dB level 
60.0
10.0
140.0
maskThreshold 
20.0
0.0
100.0
gain0 
9.999999747378752E-6
9.999999747378752E-6
1.0
gain1 
9.999999747378752E-6
9.999999747378752E-6
1.0
gain2 
9.999999747378752E-6
9.999999747378752E-6
1.0
gain3 
9.999999747378752E-6
9.999999747378752E-6
1.0
gain4 
9.999999747378752E-6
9.999999747378752E-6
1.0
gain5 
9.999999747378752E-6
9.999999747378752E-6
1.0
gain6 
9.999999747378752E-6
9.999999747378752E-6
1.0
gain7 
9.999999747378752E-6
9.999999747378752E-6
1.0
gain8 
1.0
9.999999747378752E-6
1.0
