glottal reflection 
0.0
0.0
0.9
damping 
1.0
0.0
1.0
pitch 
1.0
0.01
10.0
R(0) 
2.56
0.0010
20.0
R(1) 
1.44
0.0010
20.0
R(2) 
8.0
0.0010
20.0
R(3) 
7.0
0.0010
20.0
R(4) 
5.0
0.0010
20.0
R(5) 
1.4
0.0010
20.0
R(6) 
1.65
0.0010
20.0
R(7) 
1.4
0.0010
20.0
R(8) 
2.3
0.0010
20.0
R(9) 
2.56
0.0010
20.0
R(10) 
4.0
0.0010
20.0
R(11) 
5.67
0.0010
20.0
R(12) 
7.84
0.0010
20.0
R(13) 
10.3
0.0010
20.0
R(14) 
10.3
0.0010
20.0
R(15) 
10.3
0.0010
20.0
R(16) 
8.0
0.0010
20.0
R(17) 
4
0.001
20.0
R(18) 
20.0
0.0010
20.0
