glottal reflection 
0.0
0.0
0.9900000095367432
damping 
0.9969000220298767
0.0
1.0
pitch 
1.0
0.009999999776482582
10.0
R(0) 
0.25
0.0010000000474974513
20.0
R(1) 
6.0
0.0010000000474974513
20.0
R(2) 
6.0
0.0010000000474974513
20.0
R(3) 
6.0
0.0010000000474974513
20.0
R(4) 
6.0
0.0010000000474974513
20.0
R(5) 
6.0
0.0010000000474974513
20.0
R(6) 
6.0
0.0010000000474974513
20.0
R(7) 
6.0
0.0010000000474974513
20.0
R(8) 
6.0
0.0010000000474974513
20.0
R(9) 
6.0
0.0010000000474974513
20.0
R(10) 
4.0
0.0010000000474974513
20.0
R(11) 
2.0
0.0010000000474974513
20.0
R(12) 
0.026998700574040413
0.0010000000474974513
20.0
R(13) 
20.0
0.0010000000474974513
20.0
R(14) 
20.0
0.0010000000474974513
20.0
R(15) 
20.0
0.0010000000474974513
20.0
R(16) 
20.0
0.0010000000474974513
20.0
R(17) 
20.0
0.0010000000474974513
20.0
R(18) 
20.0
0.0010000000474974513
20.0
