glottal reflection 
0.0
0.0
0.99
damping 
1
0.0
1
pitch 
1.0
0.01
10.0
R(0) 
2.3
0.0010
20.0
R(1) 
1.2
0.0010
20.0
R(2) 
3
0.0010
20.0
R(3) 
4
0.0010
20.0
R(4) 
5
0.0010
20.0
R(5) 
5
0.0010
20.0
R(6) 
5
0.0010
20.0
R(7) 
4
0.0010
20.0
R(8) 
4
0.0010
20.0
R(9) 
4
0.0010
20.0
R(10) 
3.7
0.0010
20.0
R(11) 
4
0.0010
20.0
R(12) 
4.2
0.0010
20.0
R(13) 
4.7
0.0010
20.0
R(14) 
5.2
0.0010
20.0
R(15) 
5.67
0.0010
20.0
R(16) 
5.67
0.0010
20.0
R(17) 
5.67
0.001
20.0
R(18) 
5.67
0.0010
20.0
