glottal refl. 
0.0
0.0
0.99
damping 
1
0.0
1
pitch 
0.9520570039749146
0.01
10.0
R(0) 
5.0
0.0010
20.0
R(1) 
0.0010000000474974513
0.0010
20.0
R(2) 
5.0
0.0010
20.0
R(3) 
4.8647565841674805
0.0010
20.0
R(4) 
5.0
0.0010
20.0
R(5) 
0.0010000000474974513
0.0010
20.0
R(6) 
5.0
0.0010
20.0
R(7) 
5.0
0.0010
20.0
R(8) 
0.0010000000474974513
0.0010
20.0
R(9) 
5.0
0.0010
20.0
R(10) 
5.0
0.0010
20.0
R(11) 
5.0
0.0010
20.0
R(12) 
0.0010000000474974513
0.0010
20.0
R(13) 
5.0
0.0010
20.0
R(14) 
5.0
0.0010
20.0
R(15) 
0.0010000000474974513
0.0010
20.0
R(16) 
5.0
0.0010
20.0
R(17) 
5.0
0.0010
20.0
R(18) 
0.0010000000474974513
0.0010
20.0
R(19) 
5.0
0.0010
20.0
