glottal reflection 
0.5
0.0
0.99
damping 
0.6735993027687073
0.0
0.999999
pitch 
0.683326005935669
0.01
10.0
R(0) 
0.5
0.0010
1.0
R(1) 
0.5
0.0010
1.0
R(2) 
0.5
0.0010
1.0
R(3) 
0.3581424951553345
0.0010
1.0
R(4) 
0.10969120264053345
0.0010
1.0
R(5) 
0.5
0.0010
1.0
R(6) 
0.24945129454135895
0.0010
1.0
R(7) 
0.07342749834060669
0.0010
1.0
R(8) 
0.24425649642944336
0.0010
1.0
R(9) 
0.06833259761333466
0.0010
1.0
R(10) 
0.2909097969532013
0.0010
1.0
R(11) 
0.5
0.0010
1.0
R(12) 
0.5
0.0010
1.0
R(13) 
0.5
0.0010
1.0
R(14) 
0.5
0.0010
1.0
R(15) 
0.5
0.0010
1.0
R(16) 
0.3115890920162201
0.0010
1.0
R(17) 
0.5
0.0010
1.0
R(18) 
0.19770309329032898
0.0010
1.0
R(19) 
0.5
0.0010
1.0
R(20) 
0.5
0.0010
1.0
R(21) 
0.5
0.0010
1.0
