glottal reflection 
0.5
0.0
0.99
damping 
0.95
0.0
0.999999
pitch 
1.0
0.01
10.0
R(0) 
0.5
0.0010
1.0
R(1) 
0.5
0.0010
1.0
R(2) 
0.5
0.0010
1.0
R(3) 
0.5
0.0010
1.0
R(4) 
0.5
0.0010
1.0
R(5) 
0.5
0.0010
1.0
R(6) 
0.5
0.0010
1.0
R(7) 
0.3270736038684845
0.0010
1.0
R(8) 
0.05274819955229759
0.0010
1.0
R(9) 
0.047553401440382004
0.0010
1.0
R(10) 
0.19770309329032898
0.0010
1.0
R(11) 
0.5
0.0010
1.0
R(12) 
0.05274819955229759
0.0010
1.0
R(13) 
0.5
0.0010
1.0
R(14) 
0.5
0.0010
1.0
R(15) 
0.5
0.0010
1.0
R(16) 
0.5
0.0010
1.0
R(17) 
0.5
0.0010
1.0
R(18) 
0.5
0.0010
1.0
R(19) 
0.5
0.0010
1.0
R(20) 
0.5
0.0010
1.0
R(21) 
0.5
0.0010
1.0
