f1 
250.000000
10.000000
800.000000
f2 
2000.000000
801.000000
10000.000000
u_xx mult 
10.000000
0.000000
100.000000
u mult 
1.000000
0.000000
1000.000000
wal coeff 
0.100000
0.000000
1.000000
length
0.166667
0.150000
0.680000
A(0)
0.330000
0.000000
20.000000
A(1)
0.303077
0.000000
20.000000
A(2)
0.360000
0.000000
20.000000
A(3)
0.409231
0.000000
20.000000
A(4)
0.643077
0.000000
20.000000
A(5)
0.994872
0.000000
20.000000
A(6)
2.651538
0.000000
20.000000
A(7)
2.974103
0.000000
20.000000
A(8)
2.590256
0.000000
20.000000
A(9)
2.905385
0.000000
20.000000
A(10)
3.600256
0.000000
20.000000
A(11)
3.788718
0.000000
20.000000
A(12)
4.130769
0.000000
20.000000
A(13)
4.450000
0.000000
20.000000
A(14)
4.449744
0.000000
20.000000
A(15)
4.622308
0.000000
20.000000
A(16)
4.548718
0.000000
20.000000
A(17)
4.197436
0.000000
20.000000
A(18)
4.094615
0.000000
20.000000
A(19)
3.524872
0.000000
20.000000
A(20)
2.926410
0.000000
20.000000
A(21)
2.001538
0.000000
20.000000
A(22)
1.624103
0.000000
20.000000
A(23)
1.320769
0.000000
20.000000
A(24)
0.946154
0.000000
20.000000
A(25)
0.529487
0.000000
20.000000
A(26)
0.340000
0.000000
20.000000
A(27)
0.243077
0.000000
20.000000
A(28)
0.111282
0.000000
20.000000
A(29)
0.129231
0.000000
20.000000
A(30)
0.208462
0.000000
20.000000
A(31)
0.244103
0.000000
20.000000
A(32)
0.329744
0.000000
20.000000
A(33)
0.310769
0.000000
20.000000
A(34)
0.339487
0.000000
20.000000
A(35)
0.590513
0.000000
20.000000
A(36)
1.436923
0.000000
20.000000
A(37)
2.001795
0.000000
20.000000
A(38)
2.012051
0.000000
20.000000
A(39)
1.580000
0.000000
20.000000
